-188.421 570.945 2315
-201.038 570.914 2315
-213.745 571.129 2316
-189.161 535.156 2323
-201.637 540.956 2321
-214.197 540.69 2320
-190.116 512.375 2334
-202.845 512.345 2334
-215.48 512.093 2333
-89.3233 473.821 2362
-190.515 481.531 2338
-203.168 487.639 2337
-215.638 486.981 2334
-159.696 452.731 2353
-191.388 458.083 2348
-204.462 458.639 2351
-223.02 463.594 2344
-166.875 428.948 2363
-198.612 434.202 2357
-211.297 433.803 2355
-224.148 433.772 2355
43.9072 31.5638 2601
8.20491 38.4568 2585
-12.9891 45.314 2572
-34.2073 52.4654 2577
-54.6246 58.696 2541
-84.818 67.5174 2613
-102.311 71.8739 2515
-122.443 78.416 2504
29.7044 3.04842 2606
1.12136 10.138 2592
-20.2041 17.2505 2593
-48.4869 24.2832 2585
-68.988 31.0286 2557
-90.9618 38.4375 2584
-109.511 44.4253 2522
-129.412 51.008 2506
-156.552 57.7534 2501
22.5686 -32.685 2607
-13.2015 -25.6069 2614
-34.474 -18.3206 2597
-55.7022 -11.175 2591
-76.146 2.99674 2562
-106.509 10.2381 2618
-123.138 16.7478 2518
1.12779 -61.2708 2607
-20.4059 -54.3735 2619
-41.7042 -46.9232 2604
-70.3095 -39.8139 2606
-90.3639 -32.18 2567
-112.075 -25.2792 2581
-131.843 -18.006 2553
-157.624 -3.95611 2518
-178.661 -3.96356 2523
-6.05525 -104.78 2623
-34.921 -97.888 2631
-56.0839 -82.7672 2609
-77.2704 -68.2273 2600
-97.9641 -60.675 2582
-119.42 -53.6988 2587
-152.399 -45.8638 2546
-172.975 -38.8068 2541
-20.503 -133.984 2632
-42.2248 -127.012 2637
-63.4466 -118.921 2618
-92.0041 -111.57 2614
-112.018 -95.9753 2580
-135.911 -83.4797 2632
-159.865 -73.999 2554
-180.137 -66.7322 2544
-200.713 -59.6617 2540
-75.9594 87.0603 2556
-90.3607 59.2922 2567
-259.413 30.3455 2503
-133.491 -53.6546 2585
-273.102 167.435 2504
-292.545 180.453 2495
-305.544 186.879 2490
-287.157 140.186 2507
-299.634 153.272 2497
-319.176 159.626 2490
-300.752 119.545 2506
-313.801 126.135 2501
-327.045 139.635 2498
-308.478 92.3648 2513
-327.474 105.594 2501
-347.52 112.281 2498
-322.726 71.8363 2517
-342.1 78.429 2508
-361.454 91.8419 2500
-329.22 37.3431 2514
-355.657 50.9499 2507
-368.143 64.4546 2499
-291.724 179.947 2488
-304.808 186.429 2484
-318.099 193.042 2482
-298.194 152.536 2485
-311.753 159.315 2485
-338.319 165.804 2481
-292.501 118.979 2494
-312.288 132.339 2489
-325.474 138.964 2486
-352.165 145.552 2483
-306.754 98.6893 2499
-320.136 105.431 2497
-345.99 111.787 2487
-359.258 118.479 2485
-300.553 64.6233 2504
-313.722 71.3553 2500
-340.19 77.9912 2494
-353.365 84.7025 2491
-367.091 91.5421 2492
-308.264 30.431 2511
-334.877 37.2071 2505
-347.428 50.75 2497
-367.853 57.5716 2497
-380.082 70.9678 2488
-203.793 66.607 2579
-224.084 80.4133 2569
-259.101 94.4264 2568
-272.709 101.289 2564
-286.38 108.17 2561
-170.006 24.4339 2602
-231.935 45.3859 2578
-246.32 52.5038 2581
-267.073 59.4718 2577
-280.17 73.3205 2568
-293.741 80.2177 2564
-218.849 10.1235 2590
-239.732 24.2741 2586
-253.482 31.3064 2582
-274.23 38.3131 2578
-288.766 45.4385 2582
-301.225 59.2484 2568
-212.987 -25.503 2605
-247.188 -4.06731 2590
-282.154 10.1036 2586
-295.025 17.1104 2575
-308.971 24.1491 2574
-242.047 -39.8615 2611
-256.034 -32.6688 2608
-290.45 -18.3001 2597
-303.702 -11.1529 2589
-324.662 -4.06023 2587
-263.963 -61.4251 2616
-311.608 -39.6122 2596
-210.789 419.924 2349
-230.312 420.413 2352
-242.507 425.687 2346
-255.738 426.378 2350
-280.406 424.853 2342
-292.921 424.451 2340
-312.558 431.487 2344
-319.214 431.834 2346
-338.377 431.769 2346
-212.119 390.279 2363
-231.272 389.904 2361
-244.054 389.707 2360
-257.148 390.004 2362
-281.44 400.741 2350
-294.501 401.044 2352
-314.261 401.667 2356
-326.798 407.687 2354
-339.474 407.471 2353
-212.817 359.165 2370
-232.117 365.424 2369
-245.359 365.856 2372
-258.086 365.516 2370
-283.208 370.96 2364
-296.098 370.923 2364
-316.095 371.651 2369
-328.289 377.262 2364
-341.31 377.381 2365
-214.308 335.579 2386
-233.057 340.895 2378
-246.869 342.012 2386
-259.675 341.695 2384
-278.469 347.267 2378
-297.799 347.069 2377
-317.371 347.161 2378
-330.312 353.6 2378
-343.123 353.412 2377
-215.167 310.718 2395
-234.989 310.939 2397
-247.03 316.125 2387
-266.689 316.214 2388
-279.721 316.183 2388
-299.121 322.51 2387
-312.53 322.881 2390
-331.499 328.79 2386
-344.645 328.89 2387
-216.832 286.714 2413
-235.825 285.727 2405
-248.845 292.143 2404
-261.427 291.509 2399
-281.188 291.587 2400
-293.655 297.483 2395
-320.182 297.792 2398
-333.238 304.297 2398
-346.451 304.389 2399
-285.554 407.548 2281
-296.527 411.715 2270
-160.048 369.978 2356
-299.985 353.812 2295
-162.179 316.148 2386
-288.937 324.136 2306
-301.887 330.815 2309
-290.757 300.807 2320
-308.933 299.98 2314
-170.28 253.202 2407
-310.199 275.805 2323
-64.3712 375.59 2391
-89.3854 377.288 2361
-114.572 375.182 2348
-133.932 381.876 2350
-151.764 378.272 2328
-64.6352 344.294 2400
-83.8708 348.923 2387
-115.977 347.283 2376
-135.118 352.842 2370
-153.641 350.729 2356
-176.983 365.455 2411
-189.155 351.323 2318
-65.1134 313.763 2417
-84.5652 318.887 2406
-116.795 317.001 2392
-136.073 322.693 2386
-154.537 320.367 2369
-175.865 330.385 2395
-207.841 325.452 2314
-65.7556 276.771 2440
-85.3681 282.03 2428
-111.113 286.5 2410
-137.482 293.053 2410
-155.422 296.126 2382
-179.589 303.929 2445
-192.046 292.338 2352
-66.0959 244.626 2452
-92.6445 250.493 2444
-112.019 255.58 2429
-138.039 254.503 2419
-156.777 259.255 2402
-180.225 271.435 2453
-66.8389 213.42 2479
-93.0072 217.879 2453
-112.276 222.835 2434
-139.27 223.362 2440
-157.337 227.185 2410
-181.445 239.473 2469
-194.267 230.622 2378
-66.7715 70.7369 2475
-80.3687 77.5488 2476
-100.355 84.0228 2467
-126.92 97.1772 2458
-146.394 103.395 2446
-161.157 111.033 2467
-177.514 115.247 2414
-190.564 121.747 2412
-210.011 121.531 2408
-74.3017 37.1892 2500
-87.6873 43.8819 2491
-107.599 50.4418 2478
-134.644 57.1812 2476
-154.109 63.5988 2462
-168.61 70.7684 2477
-185.513 82.7991 2432
-198.166 89.1593 2424
-217.515 95.5487 2418
-81.1876 2.92534 2501
-94.9715 9.78859 2503
-115.131 23.4244 2494
-141.659 30.0871 2480
-161.314 36.7165 2469
-176.603 43.9194 2494
-192.892 49.6686 2441
-205.658 56.1897 2434
-224.7 69.2294 2424
-88.6742 -31.5783 2519
-102.074 -17.6974 2509
-128.745 -10.7501 2493
-149.052 -3.91224 2490
-168.758 2.89865 2479
-183.214 9.73808 2491
-200.478 16.3024 2452
-213.459 22.9714 2447
-226.567 29.6359 2444
-96.067 -59.5001 2532
-109.466 -52.33 2521
-136.223 -45.1279 2505
-157.057 -38.3206 2509
-176.606 -24.4201 2494
-191.482 -17.6976 2510
-207.949 -10.6077 2461
-220.695 -3.85251 2453
-233.731 2.8624 2449
-103.402 -101.529 2542
-117.104 -87.4222 2537
-143.877 -72.9893 2519
-164.443 -66.0285 2517
-183.647 -58.6561 2497
-199.688 -52.4335 2527
-216.246 -44.6405 2479
-229.532 -37.8005 2476
-241.701 -30.84 2462
-91.226 660.287 2256
-115.087 656.158 2242
-132.691 652.617 2230
-150.571 651.122 2225
-167.683 646.989 2211
-97.331 623.143 2254
-115.44 627.537 2248
-133.219 624.716 2238
-150.831 621.891 2228
-168.125 618.505 2216
-194.171 624.59 2238
-98.0182 596.607 2269
-116.009 593.689 2258
-133.927 597.377 2249
-157.384 593.347 2234
-175.092 591.448 2227
-194.419 594.858 2240
-232.032 581.999 2192
-98.8442 564.199 2287
-116.734 560.226 2271
-140.621 562.842 2257
-158.715 567.656 2252
-174.846 560.307 2223
-99.2306 535.086 2295
-123.735 532.719 2285
-141.188 528.024 2265
-159.284 532.711 2259
-176.582 529.134 2244
-196.236 532.627 2259
-99.9197 507.267 2310
-124.164 503.278 2292
-142.18 500.611 2280
-160.758 506.537 2279
-196.66 502.897 2263
-283.258 691.946 2222
-300.969 690.958 2219
-317.621 687.79 2209
-289.37 667.907 2222
-307.074 666.949 2219
-318.703 666.009 2216
-291.698 636.699 2239
-308.161 632.943 2226
-325.412 637.179 2220
-115.621 147.274 539
-325.957 607.977 2223
-315.369 586.587 2233
-326.924 585.493 2229
-316.727 564.676 2242
-333.97 562.846 2235
-264.865 703.371 2220
-282.076 701.103 2213
-301.323 709.908 2222
-317.855 706.342 2211
-334.052 702.455 2199
-254.811 678.568 2237
-272.676 683.643 2234
-288.812 678.694 2218
-307.986 687.103 2226
-324.228 683.035 2213
-340.873 680.2 2204
-261.216 648.9 2239
-278.84 653.435 2234
-295.201 649.284 2220
-313.829 662.42 2224
-125.287 171.71 577
-347.254 656.94 2206
-284.992 629.256 2234
-303.079 628.915 2233
-319.831 632.049 2223
-337.803 631.702 2222
-354.152 628.511 2211
-256.886 598.141 2253
-291.688 600.096 2238
-308.679 603.651 2229
-327.298 604.4 2232
-343.772 607.365 2221
-366.419 604.814 2212
-298.524 577.137 2243
-315.108 580.024 2231
-333.006 579.438 2229
-349.898 583.302 2221
-373.193 581.897 2216
-396.735 91.0785 2309
-409.294 97.3757 2309
-428.127 103.663 2309
-434.781 103.745 2311
-447.142 109.994 2310
-346.65 28.5002 2353
-406.886 60.0793 2331
-429.829 72.3963 2318
-442.427 78.7189 2318
-455.019 85.0392 2318
-396.074 28.3512 2342
-407.075 34.6021 2332
-420.482 41.0422 2336
-438.596 47.3157 2331
-451.07 53.6549 2330
-456.612 59.9139 2326
-416.441 2.74041 2349
-440.301 15.5207 2340
-453.019 28.3077 2340
-465.335 34.6671 2338
-413.533 -36.1007 2369
-424.807 -29.5065 2360
-436.719 -23.0023 2355
-449.144 -16.5485 2353
-460.953 -3.67842 2348
-467.93 -3.68283 2351
-425.154 -55.3593 2362
-450.471 -42.3967 2360
-462.712 -35.8958 2357
-476.126 -29.4882 2360
-402.495 90.9535 2306
-426.273 103.214 2299
-438.573 109.431 2298
-451.259 109.462 2299
-404.617 59.7442 2318
-434.814 72.1722 2311
-446.791 78.3733 2308
-459.326 84.6657 2308
-425.009 40.8634 2326
-442.069 47.0076 2316
-454.85 53.3514 2317
-466.829 59.5954 2314
-421.572 2.73204 2342
-450.117 21.7725 2325
-462.75 28.1218 2325
-469.063 34.4716 2325
-440.864 -22.8834 2343
-453.41 -16.4698 2342
-465.342 -3.66247 2338
-477.838 2.72429 2337
-436.704 -55.1868 2355
-460.746 -42.1566 2347
-473.299 -35.7227 2346
-485.836 -29.296 2345
-391.126 91.2429 2313
-402.837 97.3407 2308
-421.3 103.536 2306
-434.02 109.868 2307
-440.482 109.907 2308
-400.542 60.0837 2331
-413.047 66.4184 2330
-424.622 72.5892 2324
-436.69 78.8269 2321
-448.914 85.0825 2319
-407.773 34.6614 2336
-420.122 41.0071 2334
-432.072 47.2991 2330
-444.738 53.6591 2330
-457.201 59.9911 2329
-409.875 2.73945 2348
-421.571 9.13479 2342
-439.924 21.8977 2338
-452.438 28.2714 2337
-459.375 34.6995 2340
-376.723 -49.3245 2381
-419.982 -29.6212 2369
-430.864 -16.5875 2358
-441.996 -10.1013 2349
-456.122 -3.69125 2356
-468.129 2.74222 2352
-451.234 -42.4686 2364
-464.283 -36.0177 2365
-469.915 -29.503 2361
-218.004 622.103 2296
-230.104 620.986 2292
-242.582 620.951 2292
-218.752 592.845 2303
-231.077 598.523 2301
-243.501 598.227 2300
-219.104 568.646 2306
-231.567 568.365 2305
-244.209 574.82 2306
-214.566 541.622 2324
-233.464 541.338 2323
-245.803 540.602 2320
-184.631 508.443 2345
-203.28 513.443 2339
-216.219 513.849 2341
-234.138 517.48 2329
-246.513 516.778 2326
-185.239 484.429 2352
-216.654 489.276 2345
-235.416 494.744 2341
-248.283 494.919 2342
-217.451 614.283 2290
-230.104 620.986 2292
-248.82 620.933 2292
-218.847 593.103 2304
-230.876 598.003 2299
-249.545 597.689 2298
-219.484 569.632 2310
-232.169 569.844 2311
-250.38 574.552 2305
-220.631 534.616 2321
-233.665 541.804 2325
-245.909 540.835 2321
-190.212 506.261 2335
-203.28 513.443 2339
-221.84 512.076 2333
-234.038 517.258 2328
-246.513 516.778 2326
-191.249 483.385 2347
-203.879 482.943 2345
-222.954 489.051 2344
-235.534 488.599 2342
-248.177 494.708 2341
