646.917 267.616 1505
661.738 256.585 1465
670.076 245.445 1423
642.924 232.317 1515
654.543 221.002 1467
669.598 212.926 1439
640.48 199.902 1519
655.752 187.745 1488
663.486 178.177 1443
595.919 235.211 1823
638.896 160.297 1535
648.938 151.648 1491
663.281 140.573 1460
615.895 147.942 1628
633.872 127.593 1543
648.137 116.494 1508
657.546 105.213 1465
614.541 113.101 1636
633.792 90.4387 1553
645.473 80.2996 1521
654.884 65.9336 1477
475.929 -187.27 2319
485.329 -198.599 2304
494.426 -207.085 2260
513.914 -219.842 2265
511.851 -223.217 2178
538.738 -245.165 2216
515.166 -240.597 2073
528.724 -258.774 2039
459.899 -226.727 2334
467.799 -233.865 2280
478.666 -245.502 2273
490.131 -254.203 2241
501.518 -262.787 2211
515.657 -284.728 2195
502.035 -282.307 2089
508.031 -289.816 2023
524.939 -301.054 2025
440.033 -258.157 2330
455.636 -268.827 2313
460.062 -276.525 2273
471.753 -296.983 2241
476.83 -300.843 2181
502.67 -323.838 2217
478.43 -312.22 2061
430.024 -291.814 2345
435.135 -311.911 2305
449.74 -321.442 2284
454.612 -328.422 2247
468.841 -343.761 2228
481.243 -351.656 2202
481.021 -360.502 2148
470.352 -360.895 2051
492.515 -377.515 2051
407.075 -333.573 2324
418.403 -345.139 2317
427.221 -355.658 2264
439.085 -367.602 2262
444.09 -374.717 2196
473.488 -396.262 2251
451.613 -390.454 2120
454.172 -400.535 2054
392.849 -369.824 2353
401.469 -379.039 2293
415.511 -392.999 2302
421.94 -400.071 2237
435.787 -413.835 2246
445.109 -423.594 2202
435.419 -432.032 2126
438.383 -435.104 2059
449.538 -446.3 2034
631.585 -268.735 2033
621.349 -305.053 2054
579.526 -441.224 1664
548.036 -449.858 2052
705.154 -348.528 1479
714.662 -351.424 1440
716.898 -352.712 1397
693.623 -381.036 1480
701.528 -382.068 1437
706.6 -383.809 1399
682.106 -413.613 1481
685.013 -416.79 1435
690.965 -417.93 1398
664.342 -452.822 1477
674.653 -455.555 1446
678.91 -455.661 1396
653.786 -486.126 1480
659.453 -488.53 1438
660.946 -490.766 1398
640.617 -517.513 1477
645.266 -517.96 1432
648.902 -520.826 1396
695.554 -335.842 1459
706.155 -341.49 1415
707.404 -346.201 1371
680.141 -367.865 1460
688.656 -375.404 1427
695.144 -379.636 1384
664.79 -400.016 1507
664.281 -399.676 1460
671.786 -409.584 1424
679.675 -413.383 1383
646.29 -431.411 1502
645.376 -440.074 1462
655.485 -443.971 1422
662.799 -448.683 1387
624.714 -463.111 1540
628.004 -469.793 1507
634.03 -472.355 1463
643.716 -477.739 1430
647.895 -482.912 1387
606.14 -494.36 1546
613.292 -499.872 1511
621.188 -506.747 1470
623.883 -508.639 1429
631.353 -515.141 1392
716.757 -421.401 1656
722.22 -429.278 1617
731.739 -441.043 1533
748.072 -449.987 1505
750.661 -455.525 1468
688.465 -448.549 1745
713.043 -462.685 1626
713.994 -470.846 1578
718.33 -472.457 1540
730.383 -486.108 1502
740.517 -492.88 1471
692.005 -495.08 1661
692.899 -500.738 1620
707.508 -509.838 1592
711.068 -514.082 1551
719.393 -522.836 1513
728.199 -531.82 1478
680.905 -528.058 1725
685.256 -535.968 1633
700.462 -549.542 1555
704.497 -557.168 1516
715.051 -563.351 1475
671.289 -567.56 1688
674.599 -573.807 1639
682.336 -578.246 1552
697.867 -591.054 1528
699.211 -595.301 1484
663.424 -607.072 1644
683.566 -622.835 1523
628.569 63.7282 1520
638.688 54.221 1486
643.798 41.1423 1452
654.83 32.429 1416
665.063 20.3722 1381
674.756 12.4876 1340
682.884 -5.59115 1306
696.368 -15.9908 1284
704.45 -25.5071 1235
628.507 31.0855 1540
633.346 18.0695 1502
641.598 9.66112 1465
652.133 -2.22333 1427
661.788 -17.279 1390
670.636 -27.882 1354
679.265 -37.9687 1320
691.392 -47.5988 1288
703.631 -59.9789 1252
625.006 -2.41849 1552
634.302 -14.7028 1514
641.101 -30.3154 1473
647.523 -41.2045 1434
661.728 -51.8708 1406
667.629 -61.4173 1363
676.595 -70.7595 1329
690.141 -83.3628 1299
698.73 -94.8342 1262
624.001 -40.5942 1560
630.227 -52.0777 1524
639.977 -63.0165 1489
646.858 -73.1875 1450
656.853 -82.7919 1412
665.513 -95.5297 1374
673.359 -107.548 1337
687.266 -120.077 1314
697.294 -130.244 1272
621.07 -75.1888 1574
628.488 -86.11 1540
636.982 -96.1576 1501
645.584 -109.775 1465
655.606 -122.369 1426
664.737 -134.237 1388
672.047 -141.534 1349
685.792 -153.538 1325
695.428 -163.447 1288
619.145 -110.602 1591
624.154 -120.373 1550
633.434 -133.844 1512
643.358 -146.004 1469
652.847 -154.556 1437
663.813 -166.082 1402
675.555 -177.405 1371
683.736 -191.043 1335
690.098 -202.547 1291
510.413 70.5055 1487
519.775 56.7401 1446
515.443 125.576 1966
515.464 -14.2609 1467
484.596 38.6328 1907
503.694 -39.4736 1515
509.945 -54.4335 1474
500.385 -77.3466 1530
511.08 -87.396 1489
482.481 -34.7912 1940
506.705 -120.693 1500
326.559 239.344 2166
341.583 225.695 2149
349.454 213.855 2091
376.851 210.68 2117
371.248 187.518 1994
329.37 199.604 2184
337.054 187.929 2120
353.057 175.65 2112
362.245 166.148 2066
370.694 145.869 2020
397.916 142.187 2047
377.685 120.943 1890
323.054 157.637 2181
336.839 143.95 2155
345.911 128.955 2103
362.23 122.889 2098
371.494 107.462 2024
399.136 99.1425 2082
395.752 73.9963 1878
325.339 116.701 2196
334.389 107.801 2139
350.565 95.7252 2131
359.52 82.1226 2082
379.057 71.1998 2096
392.574 59.1871 2077
399.658 46.6727 2027
319.245 80.6356 2195
333.672 67.8938 2172
342.695 54.6079 2118
363.233 43.3996 2137
362.691 35.7732 2036
383.409 19.2762 2058
324.943 45.3979 2234
328.376 32.3072 2176
341.237 20.1059 2145
352.744 2.46109 2109
362.773 -8.89606 2068
386.017 -20.2377 2072
372.733 -34.9226 1944
334.022 -130.643 2214
347.329 -140.784 2184
358.618 -155.821 2145
377.49 -165.539 2120
382.283 -171.479 2053
406.135 -188.965 2061
399.8 -186.747 1923
415.815 -200.097 1901
425.613 -205.192 1854
323.92 -174.113 2228
335.202 -182.49 2183
355.174 -192.314 2160
363.635 -199.058 2107
377.34 -211.113 2057
395.23 -222.934 2063
394.315 -226.372 1948
401.932 -232.192 1909
415.272 -248.542 1876
310.583 -209.897 2220
331.892 -220.066 2201
341.581 -226.554 2149
355.574 -241.709 2128
366.416 -245.035 2059
381.109 -260.418 2048
380.091 -259.455 1957
393.889 -275.528 1921
405.83 -284.916 1880
306.781 -248.159 2237
318.939 -255.433 2195
332.854 -264.191 2169
345.185 -277.59 2136
365.979 -287.261 2122
378.162 -301.669 2063
379.603 -306.101 1983
382.726 -311.658 1918
398.857 -323.464 1896
294.377 -278.578 2236
307.999 -292.439 2203
319.755 -298.592 2161
340.674 -319.676 2145
345.266 -325.03 2068
365.583 -334.25 2056
364.969 -340.055 1992
375.293 -345.84 1934
388.033 -354.037 1894
286.378 -319.977 2270
296.813 -335.55 2210
318.099 -344.521 2191
328.268 -354.078 2141
337.933 -363.156 2093
357.361 -376.686 2074
356.307 -380.452 2005
365.583 -383.638 1939
378.577 -396.251 1899
383.678 590.441 2039
406.631 585.99 2043
411.452 569.581 1986
441.507 580.687 2025
432.579 541.903 1890
384.456 549.553 2072
397.132 536.204 2022
410.751 526.989 2008
431.463 525.59 2003
451.155 523.143 1994
467.09 516.763 1970
380.11 506.151 2078
401.126 504.11 2070
406.873 490.647 2015
433.018 489.911 2035
432.122 470.825 1956
472.826 485.424 2040
539.744 501.159 2107
388.326 476.615 2122
392.445 455.481 2053
415.541 462.509 2085
419.699 437.48 1997
468.548 464.328 2120
376.078 423.083 2085
394.975 419.356 2095
405.769 407.281 2063
434.39 413.109 2093
420.425 384.218 1974
464.204 393.136 2049
373.793 381.072 2103
381.453 371.765 2052
415.965 377.162 2114
409.841 351.324 2000
443.605 337.068 1981
633.269 394.778 1252
641.37 388.601 1220
639.06 373.592 1171
629.536 364.354 1267
632.266 352.392 1224
638.85 343.356 1191
619.383 326.452 1269
628.45 318.775 1238
627.769 305.22 1197
619.137 282.011 1241
624.174 270.557 1204
611.903 242.6 1248
611.891 234.776 1207
607.161 210.524 1260
608.578 200.78 1221
669.383 416.488 1252
669.592 407.521 1213
666.485 402.258 1176
674.672 391.988 1143
674.245 382.389 1103
655.613 387.462 1297
663.041 383.021 1269
654.041 369.641 1212
659.514 368.219 1184
656.541 357.474 1137
668.879 350.836 1113
650.751 353.258 1303
657.762 352.948 1288
651.377 336.92 1228
649.907 334.247 1193
657.559 329.889 1164
654.499 313.031 1113
637.913 313.233 1271
638.003 303.393 1230
637.265 298.543 1196
642.711 286.074 1157
648.744 282.229 1127
627.616 292.96 1356
623.904 278.526 1272
633.464 273.679 1249
629.234 260.088 1201
633.287 253.838 1171
631.865 244.626 1127
621.075 244.776 1296
619.241 232.615 1249
620.606 228.992 1211
619.792 217.313 1165
622.995 211.92 1135
323.148 -329.234 1578
338.369 -335.932 1531
345.397 -343.026 1490
361.622 -351.37 1458
374.669 -364.702 1418
275.128 -330.077 1764
319.529 -364.407 1582
340.805 -379.392 1506
354.067 -387.487 1460
369.985 -398.817 1430
299.092 -394.467 1635
311.977 -400.245 1588
325.245 -411.303 1549
333.376 -417.238 1510
348.632 -426.294 1471
361.633 -429.239 1428
306.274 -439.053 1604
327.22 -452.951 1520
341.945 -460.06 1477
354.087 -473.542 1445
287.256 -463.732 1645
298.735 -475.875 1611
312.381 -480.683 1570
320.757 -488.771 1529
335.877 -499.116 1486
347.873 -507.353 1452
291.864 -509.868 1622
315.225 -530.871 1543
329.962 -534.935 1496
343.946 -545.207 1469
314.402 -324.783 1577
336.883 -338.566 1488
350.505 -348.181 1461
364.179 -361.919 1422
307.054 -360.628 1584
326.825 -373.369 1498
341.724 -387.001 1458
353.498 -393.888 1426
313.68 -404.265 1554
318.765 -410.186 1499
333.14 -422.939 1473
343.225 -430.495 1432
292.131 -433.136 1598
310.738 -448.893 1520
321.702 -455.81 1476
335.181 -470.641 1448
294.033 -474.367 1563
302.778 -482.462 1522
313.153 -497.476 1493
326.808 -501.36 1446
273.585 -504.29 1618
297.124 -524.34 1536
305.389 -530.559 1495
318.477 -538.649 1462
327.448 -324.935 1578
342.144 -335.464 1548
350.625 -340.107 1495
367.093 -348.832 1464
380.66 -362.881 1426
320.355 -361.029 1586
334.036 -369.549 1550
345.592 -376.043 1509
360.232 -389.861 1469
373.619 -398.808 1444
314.746 -399.434 1602
327.991 -410.525 1562
336.816 -412.313 1507
350.304 -424.32 1478
365.189 -429.539 1442
307.628 -436.609 1611
320.407 -445.809 1567
329.387 -451.789 1530
343.808 -458.53 1485
358.264 -469.942 1446
271.696 -449.548 1745
299.677 -472.98 1616
314.185 -479.166 1579
324.494 -483.986 1527
336.789 -496.422 1490
348.835 -504.8 1456
318.802 -525.659 1540
331.29 -533.007 1502
344.181 -541.585 1470
672.73 316.8 1395
682.293 309.091 1360
694.289 294.204 1325
675.771 277.841 1410
683.136 270.135 1370
694.35 259.446 1333
673.616 243.924 1414
686.53 235.278 1385
694.341 225.479 1348
675.273 207.155 1426
687.943 199.089 1396
693.977 193.364 1355
663.75 192.408 1525
673.318 182.981 1482
677.387 169.884 1439
685.927 161.534 1400
695.132 153.865 1365
665.042 155.411 1528
677.135 135.408 1447
688.784 127.798 1406
695.295 117.378 1373
669.318 313.183 1396
677.97 305.108 1359
692.716 293.538 1322
671.937 276.265 1402
679.805 266.561 1371
692.181 259.996 1336
670.741 239.054 1408
679.743 234.238 1379
692.281 224.81 1344
671.958 206.138 1419
684.494 198.091 1389
693.957 189.67 1355
661.138 191.651 1519
671.956 182.61 1479
675.974 169.529 1436
687.318 160.968 1395
695.641 153.978 1366
663.735 150.962 1525
671.492 143.17 1487
676.667 135.314 1446
686.327 123.532 1401
694.788 117.292 1372
